PDB USED - 1HQ2.PDB - bound state of 6-hydroxymethyl-7,8-dihydropterin pyrophosphokinase

nodes = 158
average degree = 7.72151898734
avg clustering coeff  = 0.544386450399
edges = 610
average shortest path = 4.42562283319

BETWEENNESS CENTRALITY 



NODE NO		VALUE
1		0
2		165
3		157
4		304
5		378
6		286
7		355
8		280
9		328
10		653
11		334
12		114
13		0
14		30
15		321
16		11
17		25
18		430
19		95
20		61
21		82
22		159
23		98
24		46
25		127
26		0
27		417
28		31
29		200
30		0
31		56
32		247
33		98
34		156
35		0
36		187
37		74
38		301
39		29
40		217
41		270
42		134
43		272
44		142
45		282
46		52
47		46
48		90
49		39
50		0
51		123
52		43
53		145
54		235
55		301
56		192
57		360
58		320
59		122
60		242
61		253
62		52
63		190
64		80
65		195
66		49
67		15
68		8
69		74
70		308
71		14
72		15
73		174
74		651
75		14
76		15
77		238
78		559
79		0
80		0
81		58
82		55
83		212
84		140
85		124
86		45
87		24
88		37
89		0
90		101
91		319
92		144
93		324
94		177
95		203
96		49
97		372
98		35
99		158
100		337
101		250
102		237
103		0
104		295
105		66
106		73
107		89
108		157
109		37
110		0
111		0
112		121
113		151
114		499
115		0
116		290
117		0
118		69
119		246
120		0
121		35
122		173
123		164
124		296
125		337
126		124
127		30
128		212
129		110
130		210
131		65
132		148
133		243
134		108
135		10
136		65
137		113
138		483
139		82
140		0
141		0
142		0
143		139
144		543
145		87
146		66
147		46
148		223
149		0
150		0
151		0
152		127
153		314
154		75
155		37
156		207
157		54
158		0
159		0


CLOSENESS CENTRALITY

NODE NO		VALUE
1		0
2		0.0014880952381
3		0.0016077170418
4		0.00170648464164
5		0.00183823529412
6		0.0019267822736
7		0.00202429149798
8		0.00194552529183
9		0.00196078431373
10		0.00184501845018
11		0.0017094017094
12		0.00151515151515
13		0.00137551581843
14		0.00138888888889
15		0.00161812297735
16		0.00138312586445
17		0.00139664804469
18		0.0016051364366
19		0.00157480314961
20		0.00138312586445
21		0.00139275766017
22		0.0014245014245
23		0.00143266475645
24		0.00133155792277
25		0.0013986013986
26		0.00134770889488
27		0.00148588410104
28		0.00127226463104
29		0.00138121546961
30		0.00125786163522
31		0.00131233595801
32		0.0014450867052
33		0.00148367952522
34		0.00155520995334
35		0.00149476831091
36		0.00162337662338
37		0.00164473684211
38		0.00175131348511
39		0.0016051364366
40		0.00170068027211
41		0.00170357751278
42		0.00158478605388
43		0.00166112956811
44		0.00149476831091
45		0.00149031296572
46		0.00125470514429
47		0.00125313283208
48		0.00120627261761
49		0.00125
50		0.00111234705228
51		0.00132450331126
52		0.00141843971631
53		0.00157232704403
54		0.00172117039587
55		0.00184501845018
56		0.0018691588785
57		0.00195694716243
58		0.00190476190476
59		0.0018315018315
60		0.00174825174825
61		0.00165289256198
62		0.00153609831029
63		0.00147710487445
64		0.00134228187919
65		0.00134408602151
66		0.00126903553299
67		0.00121802679659
68		0.00119474313023
69		0.00125628140704
70		0.00139470013947
71		0.00137174211248
72		0.00137362637363
73		0.0014367816092
74		0.00166389351082
75		0.00142857142857
76		0.00142653352354
77		0.00148367952522
78		0.00170357751278
79		0.00144717800289
80		0.00141242937853
81		0.00152671755725
82		0.00146627565982
83		0.0015243902439
84		0.00135501355014
85		0.00125628140704
86		0.00115074798619
87		0.00107991360691
88		0.0011273957159
89		0.00112233445567
90		0.00121654501217
91		0.00133511348465
92		0.00142045454545
93		0.00161812297735
94		0.00161030595813
95		0.00179533213645
96		0.0018115942029
97		0.00196463654224
98		0.0018281535649
99		0.00185873605948
100		0.0018018018018
101		0.0017094017094
102		0.0016155088853
103		0.00151515151515
104		0.00149253731343
105		0.00136612021858
106		0.00133868808568
107		0.00129701686122
108		0.00129533678756
109		0.00115074798619
110		0.00108225108225
111		0.00105596620908
112		0.00126103404792
113		0.00135135135135
114		0.0015455950541
115		0.00150829562594
116		0.00162601626016
117		0.00141843971631
118		0.00145348837209
119		0.0015873015873
120		0.00140845070423
121		0.00138504155125
122		0.00159744408946
123		0.00158478605388
124		0.00174216027875
125		0.0017825311943
126		0.00168067226891
127		0.00163132137031
128		0.00177304964539
129		0.00166666666667
130		0.00157232704403
131		0.00152905198777
132		0.00156985871272
133		0.0014367816092
134		0.00139275766017
135		0.00125156445557
136		0.00130548302872
137		0.00125628140704
138		0.00136054421769
139		0.00128865979381
140		0.00114155251142
141		0.00115340253749
142		0.0012315270936
143		0.00124378109453
144		0.00140252454418
145		0.00122399020808
146		0.00118063754427
147		0.00118203309693
148		0.00126742712294
149		0.00113250283126
150		0.0011013215859
151		0.00118483412322
152		0.00122549019608
153		0.00136798905609
154		0.00129198966408
155		0.00129198966408
156		0.00146412884334
157		0.0014245014245
158		0.001414427157
159		0.00151285930408
