
PDB USED  - 2FBP.PDB - unbound state of  F16BPase tetramer

nodes = 335
average degree = 7.94029850746
avg clustering coeff  = 0.560507320209
edges = 1330
average shortest path = 6.23439091965


BETWEENNESS CENTRALITY

NODE NO		VALUE
1		0
2		0
3		315
4		0
5		321
6		365
7		452
8		435
9		823
10		719
11		218
12		211
13		322
14		249
15		196
16		197
17		653
18		0
19		0
20		0
21		0
22		228
23		120
24		242
25		693
26		18
27		648
28		100
29		735
30		51
31		198
32		166
33		897
34		81
35		74
36		220
37		1097
38		105
39		98
40		525
41		1002
42		320
43		313
44		0
45		0
46		632
47		0
48		0
49		33
50		26
51		0
52		0
53		760
54		152
55		85
56		1225
57		20
58		60
59		1100
60		231
61		136
62		204
63		393
64		100
65		89
66		194
67		662
68		264
69		0
70		171
71		61
72		953
73		723
74		395
75		993
76		594
77		491
78		763
79		0
80		84
81		4
82		0
83		255
84		23
85		26
86		214
87		533
88		25
89		0
90		0
91		70
92		377
93		0
94		176
95		710
96		364
97		573
98		618
99		597
100		462
101		519
102		673
103		0
104		782
105		385
106		0
107		338
108		48
109		0
110		0
111		239
112		112
113		480
114		915
115		730
116		177
117		708
118		780
119		398
120		626
121		335
122		289
123		513
124		239
125		167
126		8
127		10
128		158
129		0
130		71
131		1042
132		152
133		115
134		274
135		304
136		433
137		164
138		406
139		242
140		274
141		258
142		217
143		83
144		663
145		763
146		388
147		740
148		473
149		728
150		47
151		0
152		0
153		453
154		289
155		296
156		544
157		260
158		346
159		468
160		0
161		0
162		316
163		669
164		477
165		517
166		847
167		579
168		813
169		567
170		0
171		0
172		0
173		0
174		164
175		85
176		153
177		366
178		28
179		0
180		74
181		104
182		330
183		247
184		922
185		171
186		126
187		190
188		0
189		277
190		459
191		234
192		242
193		549
194		583
195		166
196		0
197		206
198		734
199		0
200		0
201		289
202		474
203		44
204		458
205		40
206		43
207		43
208		939
209		31
210		61
211		293
212		870
213		0
214		87
215		666
216		0
217		0
218		0
219		6
220		0
221		816
222		798
223		111
224		60
225		395
226		646
227		301
228		27
229		493
230		26
231		804
232		447
233		489
234		471
235		127
236		118
237		695
238		157
239		0
240		0
241		488
242		315
243		662
244		489
245		337
246		234
247		207
248		533
249		123
250		0
251		13
252		0
253		89
254		755
255		572
256		233
257		408
258		979
259		56
260		586
261		842
262		237
263		515
264		423
265		493
266		185
267		826
268		209
269		534
270		771
271		0
272		231
273		413
274		42
275		300
276		266
277		306
278		473
279		120
280		393
281		0
282		116
283		255
284		498
285		335
286		65
287		255
288		61
289		147
290		0
291		52
292		602
293		170
294		71
295		390
296		85
297		122
298		1006
299		260
300		500
301		439
302		484
303		119
304		85
305		331
306		791
307		229
308		249
309		399
310		414
311		0
312		317
313		830
314		0
315		0
316		0
317		315
318		632
319		318
320		6
321		2
322		8
323		8
324		20
325		2583
326		332
327		333
328		334
329		331
330		332
331		333
332		334
333		0
334		0
335		0
336		0



CLOSENESS CENTRALITY

NODE NO		VALUE
1		0
2		0.000359066427289
3		0.000404530744337
4		0.000404530744337
5		0.000447627573859
6		0.000462534690102
7		0.000518941359626
8		0.000538502961766
9		0.000585480093677
10		0.000548546352167
11		0.000521376433785
12		0.000521920668058
13		0.000537923614847
14		0.00048971596474
15		0.00046511627907
16		0.00046511627907
17		0.000480307396734
18		0.000426985482494
19		0.000420168067227
20		0.000420168067227
21		0.000418235048097
22		0.000442673749447
23		0.000460829493088
24		0.000481231953802
25		0.000535045478866
26		0.0004995004995
27		0.000525486074619
28		0.000505050505051
29		0.000568828213879
30		0.000539083557951
31		0.000555247084953
32		0.000548546352167
33		0.000607902735562
34		0.000584453535944
35		0.000584795321637
36		0.00058651026393
37		0.000656167979003
38		0.000582411182295
39		0.00058207217695
40		0.000586854460094
41		0.000613496932515
42		0.000536768652711
43		0.0005359056806
44		0.000529941706412
45		0.000517330574237
46		0.000461254612546
47		0.000460193281178
48		0.000403225806452
49		0.000403225806452
50		0.000462748727441
51		0.000457247370828
52		0.000457247370828
53		0.000525762355415
54		0.000530785562633
55		0.000544662309368
56		0.000623052959502
57		0.000548245614035
58		0.000552181115406
59		0.000647249190939
60		0.000616903146206
61		0.000566893424036
62		0.000575373993096
63		0.000595592614652
64		0.000560852495794
65		0.000530222693531
66		0.000554016620499
67		0.000586166471278
68		0.000555555555556
69		0.00050735667174
70		0.000541125541126
71		0.000530222693531
72		0.00058207217695
73		0.000601322910403
74		0.000587889476778
75		0.000611246943765
76		0.000625782227785
77		0.00063051702396
78		0.000630119722747
79		0.0006038647343
80		0.000527426160338
81		0.000531914893617
82		0.00046511627907
83		0.000534759358289
84		0.000554631170272
85		0.000554323725055
86		0.000558659217877
87		0.000546149645003
88		0.000496524329692
89		0.00047619047619
90		0.000460193281178
91		0.000492368291482
92		0.000523286237572
93		0.000560538116592
94		0.000578368999422
95		0.000638162093172
96		0.00064892926671
97		0.000689655172414
98		0.000700770847933
99		0.00072202166065
100		0.000711237553343
101		0.000691085003455
102		0.000693481276006
103		0.000672494956288
104		0.000648088139987
105		0.000628535512256
106		0.000546746856206
107		0.000547345374932
108		0.00053447354356
109		0.000493827160494
110		0.000500250125063
111		0.000567214974475
112		0.000584112149533
113		0.000677506775068
114		0.000698324022346
115		0.000745156482861
116		0.000728332119446
117		0.00077101002313
118		0.000762195121951
119		0.000742390497402
120		0.000697350069735
121		0.000662690523526
122		0.000605693519079
123		0.000583771161705
124		0.000515463917526
125		0.000495785820526
126		0.000449034575662
127		0.000443852640923
128		0.000462534690102
129		0.000461893764434
130		0.000491642084562
131		0.000537923614847
132		0.000550357732526
133		0.000525486074619
134		0.000547645125958
135		0.000554631170272
136		0.000541125541126
137		0.000559910414334
138		0.000600240096038
139		0.000616522811344
140		0.000607902735562
141		0.000658761528327
142		0.000624219725343
143		0.000671591672263
144		0.000738007380074
145		0.000757575757576
146		0.000746268656716
147		0.000736919675755
148		0.00073046018992
149		0.00067521944632
150		0.00062893081761
151		0.000569476082005
152		0.000587889476778
153		0.000674763832659
154		0.000689655172414
155		0.000707213578501
156		0.000711743772242
157		0.000702740688686
158		0.000702740688686
159		0.00065703022339
160		0.000604594921403
161		0.000577700751011
162		0.000649772579597
163		0.000694927032662
164		0.000669792364367
165		0.000666222518321
166		0.000657894736842
167		0.000627352572146
168		0.000603136308806
169		0.000537923614847
170		0.000508646998983
171		0.000460829493088
172		0.000471031559114
173		0.000519750519751
174		0.000534188034188
175		0.000575373993096
176		0.000576368876081
177		0.000591366055588
178		0.000592768227623
179		0.000584795321637
180		0.000600240096038
181		0.000608272506083
182		0.000641025641026
183		0.000608642726719
184		0.000648088139987
185		0.000571755288736
186		0.000572082379863
187		0.000544365813827
188		0.0005359056806
189		0.000549450549451
190		0.000567536889898
191		0.000586166471278
192		0.000592768227623
193		0.000591715976331
194		0.000544662309368
195		0.00050994390617
196		0.000478468899522
197		0.00048007681229
198		0.000511508951407
199		0.000459981600736
200		0.0004502476362
201		0.000486618004866
202		0.000463821892393
203		0.000445037828215
204		0.00046232085067
205		0.000443458980044
206		0.000443852640923
207		0.000426257459506
208		0.000475059382423
209		0.000435350457118
210		0.000435350457118
211		0.000431778929188
212		0.00046533271289
213		0.000460193281178
214		0.000421229991575
215		0.000418935902807
216		0.000389559797429
217		0.00037078235076
218		0.00037078235076
219		0.000411861614498
220		0.000410846343468
221		0.000471031559114
222		0.000523560209424
223		0.000519750519751
224		0.000548847420417
225		0.000563697857948
226		0.000600240096038
227		0.000593471810089
228		0.000578703703704
229		0.000641848523748
230		0.000625390869293
231		0.000708717221828
232		0.000657462195924
233		0.000660501981506
234		0.000673854447439
235		0.000645994832041
236		0.000606428138266
237		0.00063211125158
238		0.000612745098039
239		0.000609384521633
240		0.000570125427594
241		0.000601322910403
242		0.000605326876513
243		0.000640614990391
244		0.000667111407605
245		0.000635324015248
246		0.000602772754671
247		0.000594530321046
248		0.000544365813827
249		0.000520833333333
250		0.000488042947779
251		0.000516795865633
252		0.000483792936623
253		0.000544662309368
254		0.000561482313307
255		0.000606796116505
256		0.000593119810202
257		0.000655307994758
258		0.000666666666667
259		0.000671140939597
260		0.000693481276006
261		0.000755857898715
262		0.000737463126844
263		0.000727802037846
264		0.000719424460432
265		0.000753012048193
266		0.000723589001447
267		0.000719942404608
268		0.000698812019567
269		0.000739098300074
270		0.000692520775623
271		0.000672494956288
272		0.000673854447439
273		0.00068306010929
274		0.00063211125158
275		0.000643500643501
276		0.000635324015248
277		0.000650618087183
278		0.000619962802232
279		0.00061387354205
280		0.000574052812859
281		0.000543773790103
282		0.000603136308806
283		0.000599520383693
284		0.000663129973475
285		0.000655307994758
286		0.000587889476778
287		0.000597728631201
288		0.0005382131324
289		0.000562746201463
290		0.000533333333333
291		0.000533617929562
292		0.000598444045482
293		0.000585480093677
294		0.000600961538462
295		0.000613496932515
296		0.000629326620516
297		0.000614250614251
298		0.000674763832659
299		0.000635727908455
300		0.000679809653297
301		0.00065963060686
302		0.000607164541591
303		0.000586166471278
304		0.000541711809317
305		0.000570450656018
306		0.000610128126907
307		0.000536193029491
308		0.000528541226216
309		0.000533617929562
310		0.000540248514317
311		0.00048007681229
312		0.000475963826749
313		0.000514403292181
314		0.000466635557629
315		0.00044404973357
316		0.000452079566004
317		0.000453103760761
318		0.000386697602475
319		0.000344708721131
320		0.000311041990669
321		0.000311041990669
322		0.000311332503113
323		0.000311526479751
324		0.000311915159077
325		0.0003465003465
326		0.000312109862672
327		0.000312207305651
328		0.000312304809494
329		0.000312304809494
330		0.000283929585463
331		0.000283848992336
332		0.000283768444949
333		0.000283607487238
334		0.000259875259875
335		0.000259672812257
336		0.000259470679813
