
PDB USED  - 1RRF.PDB

nodes = 175
average degree = 7.37142857143
avg clustering coeff  = 0.561054945055
edges = 645
average shortest path = 4.62568144499

BETWEENNESS CENTRALITY

NODE NO		VALUE
1		0
2		0
3		147
4		36
5		386
6		289
7		78
8		222
9		227
10		101
11		0
12		107
13		156
14		107
15		32
16		103
17		155
18		339
19		427
20		267
21		460
22		183
23		505
24		440
25		184
26		0
27		94
28		269
29		172
30		341
31		85
32		186
33		239
34		0
35		62
36		108
37		304
38		81
39		413
40		107
41		48
42		158
43		51
44		88
45		46
46		354
47		0
48		4
49		0
50		0
51		3
52		481
53		266
54		239
55		113
56		319
57		237
58		0
59		0
60		380
61		117
62		129
63		199
64		132
65		206
66		272
67		44
68		584
69		0
70		489
71		0
72		0
73		27
74		151
75		300
76		41
77		0
78		0
79		236
80		294
81		0
82		43
83		468
84		220
85		116
86		310
87		239
88		280
89		386
90		267
91		334
92		297
93		211
94		137
95		0
96		11
97		173
98		63
99		11
100		18
101		866
102		276
103		62
104		434
105		136
106		103
107		0
108		87
109		298
110		45
111		47
112		0
113		26
114		453
115		0
116		31
117		158
118		403
119		214
120		489
121		178
122		261
123		398
124		393
125		322
126		76
127		56
128		19
129		0
130		24
131		137
132		110
133		11
134		685
135		53
136		118
137		118
138		165
139		0
140		0
141		340
142		194
143		124
144		0
145		37
146		260
147		0
148		13
149		358
150		57
151		12
152		10
153		72
154		239
155		80
156		452
157		217
158		194
159		0
160		0
161		154
162		0
163		238
164		61
165		161
166		19
167		221
168		37
169		193
170		16
171		804
172		308
173		0
174		0
175		0
176		33


CLOSENESS CENTRALITY

NODE NO		VALUE
1		0
2		0.000907441016334
3		0.00104821802935
4		0.0010752688172
5		0.00118483412322
6		0.00116144018583
7		0.00110741971207
8		0.00118343195266
9		0.00115340253749
10		0.0010718113612
11		0.00103842159917
12		0.0010460251046
13		0.00108932461874
14		0.00107296137339
15		0.00107874865156
16		0.00113378684807
17		0.00121506682868
18		0.00134408602151
19		0.00142857142857
20		0.00151285930408
21		0.0016155088853
22		0.0016077170418
23		0.00168634064081
24		0.00163132137031
25		0.00146412884334
26		0.00137741046832
27		0.00136798905609
28		0.00148588410104
29		0.00132100396301
30		0.00143266475645
31		0.0012285012285
32		0.00126742712294
33		0.00133155792277
34		0.00130039011704
35		0.00117924528302
36		0.00124688279302
37		0.00126742712294
38		0.00120192307692
39		0.00125786163522
40		0.00124069478908
41		0.0011862396204
42		0.00122399020808
43		0.00120192307692
44		0.00115740740741
45		0.00113250283126
46		0.00109051254089
47		0.00106157112527
48		0.000921658986175
49		0.000921658986175
50		0.00104166666667
51		0.00107874865156
52		0.00126262626263
53		0.00130890052356
54		0.00134408602151
55		0.00132625994695
56		0.00131926121372
57		0.00129198966408
58		0.00120336943442
59		0.00111982082867
60		0.00124223602484
61		0.0012853470437
62		0.00134770889488
63		0.00142247510669
64		0.00145137880987
65		0.00151515151515
66		0.0015015015015
67		0.0014367816092
68		0.00151057401813
69		0.00133333333333
70		0.00121654501217
71		0.00101317122594
72		0.00101419878296
73		0.00102564102564
74		0.00122399020808
75		0.00104712041885
76		0.000966183574879
77		0.000966183574879
78		0.000966183574879
79		0.00102249488753
80		0.0012077294686
81		0.00115473441109
82		0.00126582278481
83		0.0014245014245
84		0.00145137880987
85		0.0015243902439
86		0.00164203612479
87		0.00167224080268
88		0.00170648464164
89		0.0016835016835
90		0.00161030595813
91		0.001414427157
92		0.0014164305949
93		0.00123609394314
94		0.00120918984281
95		0.00112866817156
96		0.00108577633008
97		0.00120336943442
98		0.00123001230012
99		0.00121359223301
100		0.00125944584383
101		0.00146627565982
102		0.00132100396301
103		0.00128205128205
104		0.00137551581843
105		0.00133511348465
106		0.00123609394314
107		0.00120192307692
108		0.00120048019208
109		0.00125628140704
110		0.00109649122807
111		0.00116686114352
112		0.00111982082867
113		0.00110253583241
114		0.00132275132275
115		0.00123609394314
116		0.00132450331126
117		0.00142653352354
118		0.00149925037481
119		0.0015503875969
120		0.0016393442623
121		0.00161030595813
122		0.00161290322581
123		0.0016077170418
124		0.00156985871272
125		0.00137174211248
126		0.00135135135135
127		0.00114942528736
128		0.00113122171946
129		0.0010298661174
130		0.00105708245243
131		0.00121212121212
132		0.00123304562269
133		0.00117370892019
134		0.00139082058414
135		0.0011655011655
136		0.00117785630153
137		0.00122549019608
138		0.00122399020808
139		0.00111856823266
140		0.00108932461874
141		0.00121212121212
142		0.00110864745011
143		0.00115074798619
144		0.00102459016393
145		0.00102564102564
146		0.00112612612613
147		0.00106723585912
148		0.0010989010989
149		0.00124843945069
150		0.00127388535032
151		0.00137741046832
152		0.00144927536232
153		0.00147275405007
154		0.0014880952381
155		0.0014450867052
156		0.00148148148148
157		0.00134770889488
158		0.00138504155125
159		0.00116959064327
160		0.0011641443539
161		0.00131406044678
162		0.00126742712294
163		0.00135135135135
164		0.0012936610608
165		0.00123001230012
166		0.00118063754427
167		0.00131752305665
168		0.00126422250316
169		0.00126582278481
170		0.00121951219512
171		0.0013986013986
172		0.00126103404792
173		0.00119047619048
174		0.00118764845606
175		0.00118483412322
176		0.00107991360691
